chr,lengthVar,countVar,propVar,roh_count_ind,proportionInROH,lengthMedian,gapMedian,gapVar,TajimaD,Fis,selfRate,AA_bcfvcf_20231002191703IfZEj.txt.params
chr1,1.36444037617219e-06,2.44558567230168e-13,0.00199035948419069,1.67688333266875e-05,0.618250751372282,0.000892500773103689,0.000169120637279665,4.23750409083215e-06,0.996291722478633,0.079078,0.248073739299091,AA_bcfvcf_20231002191703IfZEj.txt.params
chr2,2.46919085636025e-07,2.0974482697275e-11,0.016416161246337,1.12239753804158e-05,0.209216854948358,0.000280602414328842,0.000381222218788014,1.72896966452414e-05,0.40345624813278,0.079078,0.156027266124564,AA_bcfvcf_20231002191703IfZEj.txt.params
chr3,1.26849327216386e-06,4.06969354801757e-11,0.0724352421777675,1.30705883988983e-05,0.400813867927341,0.000493390847169177,0.000349548185795938,2.30366391870859e-05,0.266575129239544,0.079078,0.291086,AA_bcfvcf_20231002191703IfZEj.txt.params
chr4,1.19526910489514e-07,1.02576515478381e-13,0.000305682680041397,7.53142434098534e-06,0.109874721378731,0.000183383162370634,0.000542452167823678,1.72256405503602e-05,0.131417730194805,0.079078,0.123945693831121,AA_bcfvcf_20231002191703IfZEj.txt.params
chr5,6.73969142120644e-07,5.23549753114327e-11,0.0693068586987345,1.34104350300285e-05,0.333752058982239,0.000477672960729042,0.000506341443782867,2.6934810405394e-05,0.403812371239316,0.079078,0.247596,AA_bcfvcf_20231002191703IfZEj.txt.params
chr6,7.12307838428389e-07,3.61604044404512e-11,0.0437077040774326,1.91060899669844e-05,0.527668547113211,0.000513115258350178,0.000197644617665937,8.92741951140643e-06,0.216435010373444,0.079078,0.337189161290322,AA_bcfvcf_20231002191703IfZEj.txt.params
chr7,2.48578989851925e-07,3.55093632258626e-11,0.0403823980668344,1.82733775765245e-05,0.437833187808653,0.000280903295943392,0.000140426530541178,4.63032761912033e-06,0.262912630555556,0.079078,0.315305378225578,AA_bcfvcf_20231002191703IfZEj.txt.params
chr8,3.69151895801521e-07,2.76254846952869e-11,0.0368142377514105,1.39643773028538e-05,0.381886102723767,0.000308725502883379,0.000182528205015744,9.46914434012348e-06,0.645012987637363,0.079078,0.268468786290322,AA_bcfvcf_20231002191703IfZEj.txt.params
chr,lengthVar,countVar,propVar,roh_count_ind,proportionInROH,lengthMedian,gapMedian,gapVar,TajimaD,Fis,selfRate,Am_bcfvcf_20231002191703IfZEj.txt.params
chr1,7.51435804684848e-07,1.47119697146897e-12,0.00171604932465551,7.01597660198734e-06,0.146846964764944,0.000443205744086396,0.000910970482645471,6.39073895231438e-05,-0.232304586678967,0.00945833333333334,0.0411485458887188,Am_bcfvcf_20231002191703IfZEj.txt.params
chr2,2.11541859338852e-07,3.10552784563768e-12,0.00169013569053876,8.32116160716506e-06,0.144306800597446,0.000296845970205659,0.00063115489451302,2.36257999918647e-05,-0.20306520556338,0.00945833333333334,0.049815134666956,Am_bcfvcf_20231002191703IfZEj.txt.params
chr3,5.32186617143614e-07,3.57712904317938e-12,0.00301121224129865,7.30670127893616e-06,0.138833821739662,0.000415174756507015,0.00147471598716842,4.20466512153519e-05,-0.26147751385159,0.00945833333333334,0.0499638253968256,Am_bcfvcf_20231002191703IfZEj.txt.params
chr4,3.48306505463632e-07,2.78355594466649e-12,0.0139617206300589,9.0244996640774e-06,0.179783422217524,0.00021622108005761,0.000384328942135333,1.38166845551735e-05,-0.155774573361582,0.00945833333333334,0.0787635978076421,Am_bcfvcf_20231002191703IfZEj.txt.params
chr5,5.53903954941631e-07,4.75345293870979e-12,0.00684025413489154,8.67751184178222e-06,0.160207354591872,0.0004047418904403,0.000823791591722459,4.0306660222173e-05,-0.09949347996,0.00945833333333334,0.0555138253968256,Am_bcfvcf_20231002191703IfZEj.txt.params
chr6,3.83981854016712e-07,3.43061131979123e-12,0.00137832337951631,9.84982075995399e-06,0.17207494648499,0.000340599271419462,0.000536566650323572,2.5451824555994e-05,-0.0835532348708487,0.00945833333333334,0.0557706974797988,Am_bcfvcf_20231002191703IfZEj.txt.params
chr7,2.16615808143466e-07,5.84752659310492e-12,0.0101586610182607,1.09538127420558e-05,0.213473758905963,0.000237128638036265,0.000224318748471981,1.21362673521251e-05,-0.0978563773134328,0.00945833333333334,0.0813653309867904,Am_bcfvcf_20231002191703IfZEj.txt.params
chr8,2.12758235801655e-07,2.21621848097679e-12,0.00144722684463211,9.0486139565674e-06,0.162070932174395,0.000238497630406753,0.000408916196559642,1.54284755717353e-05,-0.321002647580247,0.00945833333333334,0.0537641719786869,Am_bcfvcf_20231002191703IfZEj.txt.params
chr,lengthVar,countVar,propVar,roh_count_ind,proportionInROH,lengthMedian,gapMedian,gapVar,TajimaD,Fis,selfRate,AN_bcfvcf_20231002191703IfZEj.txt.params
chr1,1.33997268967306e-05,1.07217885338525e-12,0.0128493913476745,8.30816426126303e-06,0.776479640056687,0.00194492097117433,0.000186934318886903,2.25982221964196e-06,0.131094072043011,0.2155,0.389433882156233,AN_bcfvcf_20231002191703IfZEj.txt.params
chr2,5.26756436130193e-06,3.03360563589762e-13,0.0088911983990531,8.80818992925248e-06,0.785880531847968,0.0014149315327853,0.000178879652371861,1.22028156548715e-06,0.0209365338582677,0.2155,0.394303755172106,AN_bcfvcf_20231002191703IfZEj.txt.params
chr3,9.17050020951703e-06,1.73658654060621e-12,0.0184934615940316,9.18730105212731e-06,0.773709683524492,0.00190903799007624,0.000218853848131405,2.00324404371146e-06,0.282469703783784,0.2155,0.398333040886392,AN_bcfvcf_20231002191703IfZEj.txt.params
chr4,3.14887179926357e-06,1.05849892823487e-12,0.015739535565804,9.75740153402121e-06,0.749818694164462,0.000897234939926301,0.000142161730265088,9.52944911470409e-07,0.0403192278350515,0.2155,0.398142313613665,AN_bcfvcf_20231002191703IfZEj.txt.params
chr5,8.74907858939577e-06,3.80703782862822e-12,0.0239453766475464,1.01847509679218e-05,0.717780482038478,0.00160652751932973,0.000292851990383882,2.73697165500414e-06,0.135967654901961,0.2155,0.408585374219725,AN_bcfvcf_20231002191703IfZEj.txt.params
chr6,1.06762676829695e-05,1.75653811085954e-13,5.62585567152051e-05,7.86948721129565e-06,0.855790910660421,0.00227683664383326,0.00017500189438128,1.66701259994413e-06,1.06529825362319,0.2155,0.417715419819054,AN_bcfvcf_20231002191703IfZEj.txt.params
chr7,4.919028292887e-06,2.13125997661649e-13,5.44399995295838e-06,7.88391819089056e-06,0.867894404936801,0.00149450720977758,0.000105593677898532,6.23279741892364e-07,0.926288782876712,0.2155,0.421550580068161,AN_bcfvcf_20231002191703IfZEj.txt.params
chr8,4.09594788127041e-06,1.33311545411262e-12,0.0161840253930887,8.71365257986364e-06,0.767935305353859,0.00114303543943048,0.000171774122742014,8.18657285371457e-07,-0.0499664393305439,0.2155,0.398240151997503,AN_bcfvcf_20231002191703IfZEj.txt.params
chr,lengthVar,countVar,propVar,roh_count_ind,proportionInROH,lengthMedian,gapMedian,gapVar,TajimaD,Fis,selfRate,Br_bcfvcf_20231002191703IfZEj.txt.params
chr1,2.5167288722576e-06,1.78185308283213e-12,0.00532316299436306,1.53985109819775e-05,0.750030011915897,0.00109391817023784,0.000175041709919654,2.36315680844075e-06,-0.233115060304348,0.601858333333333,0.643561131024532,Br_bcfvcf_20231002191703IfZEj.txt.params
chr2,8.04698000824345e-07,1.26311106113674e-12,0.000158858401790266,1.81022934175674e-05,0.715142454757931,0.000729054906051459,0.000147921640785644,5.91305221170224e-07,-0.321286725668449,0.601858333333333,0.646695570418471,Br_bcfvcf_20231002191703IfZEj.txt.params
chr3,2.45214205785996e-06,1.47732724509016e-12,0.00271505295442054,1.65666310270778e-05,0.790432760206928,0.00108687330857088,0.000162513281039601,8.45274923323115e-07,-0.367594790380952,0.601858333333333,0.645516797691198,Br_bcfvcf_20231002191703IfZEj.txt.params
chr4,7.27625480597849e-07,7.43603186128852e-13,0.00164215444277694,1.7030980419745e-05,0.743599658102316,0.000593131158899641,0.000108478499736382,6.21178464272244e-07,-0.854035512135922,0.601858333333333,0.641455403751804,Br_bcfvcf_20231002191703IfZEj.txt.params
chr5,1.99234948186146e-06,1.50658815886386e-12,0.00458442716142019,1.71158720017397e-05,0.742047108084946,0.00109692629105703,0.000204784947788296,1.57749838114371e-06,-0.299227391534392,0.601858333333333,0.642111797691198,Br_bcfvcf_20231002191703IfZEj.txt.params
chr6,1.53327571746475e-06,9.17894017612348e-13,0.000256369366671619,1.81723380114925e-05,0.721919032594422,0.000831551017559791,0.000175421204071737,7.73747335132203e-07,-0.18251695625,0.601858333333333,0.647708085569986,Br_bcfvcf_20231002191703IfZEj.txt.params
chr7,5.8245874431111e-07,1.62552325416611e-12,0.000264529884670667,1.82953302550594e-05,0.701371058436116,0.000525215519107864,0.000101494513237961,9.37680250315103e-07,-0.396555163266332,0.601858333333333,0.645381752236653,Br_bcfvcf_20231002191703IfZEj.txt.params
chr8,9.12284668470804e-07,1.35325780699295e-12,0.000354388542995228,1.66149915256461e-05,0.778294745637316,0.00065004461086529,0.000108585103368922,5.21292298270969e-07,-0.513514588152866,0.601858333333333,0.642877570418471,Br_bcfvcf_20231002191703IfZEj.txt.params
chr,lengthVar,countVar,propVar,roh_count_ind,proportionInROH,lengthMedian,gapMedian,gapVar,TajimaD,Fis,selfRate,Ca_bcfvcf_20231002191703IfZEj.txt.params
chr1,1.47783934908509e-06,1.58952808017037e-11,0.0503864590645234,1.07606136457134e-05,0.356694848692854,0.000574764576806136,0.000453971330704557,2.52199342360949e-05,-0.197993341046512,0.09955,0.229823606060606,Ca_bcfvcf_20231002191703IfZEj.txt.params
chr2,3.55241369234032e-07,7.68293486544098e-12,0.0128757931179904,1.04641308945003e-05,0.240171383603971,0.000345664373091617,0.000385684183210967,1.42199863812338e-05,-0.25502374350365,0.09955,0.151923181457432,Ca_bcfvcf_20231002191703IfZEj.txt.params
chr3,1.06584373795161e-06,1.37061153554562e-11,0.0440928031883619,1.18021192748902e-05,0.365208505690865,0.000608077100718362,0.000355481366869492,1.98963075598583e-05,-0.201387654962406,0.09955,0.230318342747754,Ca_bcfvcf_20231002191703IfZEj.txt.params
chr4,2.5618460487984e-07,1.78062179174748e-12,0.00351209886363648,9.14370237694779e-06,0.204337704928374,0.000269903417935955,0.000425818885378841,1.09272876151753e-05,-0.30899011030303,0.09955,0.123483653324794,Ca_bcfvcf_20231002191703IfZEj.txt.params
chr5,1.28806143624621e-06,1.09529663535171e-11,0.0349291218614162,1.13874214879269e-05,0.387857864791921,0.00072374263856965,0.00035829436657436,2.799408431259e-05,-0.0616463286178862,0.09955,0.237279009414421,Ca_bcfvcf_20231002191703IfZEj.txt.params
chr6,6.96321671650767e-07,1.04793267251706e-11,0.0238371554978371,1.15248024773741e-05,0.300700783073442,0.000475676893130839,0.000345002023169256,1.89491739038725e-05,-0.0999928461538462,0.09955,0.193982848124098,Ca_bcfvcf_20231002191703IfZEj.txt.params
chr7,2.04477523755894e-07,6.26634544184986e-13,0.00136463643557087,9.11792704205837e-06,0.155693822879765,0.000202124986866096,0.000417813386212022,1.2179372921024e-05,-0.163650713243243,0.09955,0.110863936953899,Ca_bcfvcf_20231002191703IfZEj.txt.params
chr8,4.17789412482439e-07,1.06889379234311e-11,0.0274069422052394,1.09968909425614e-05,0.328918870677793,0.000344271208998229,0.000247976485370713,1.17831350282063e-05,-0.377491268607407,0.09955,0.21244206024531,Ca_bcfvcf_20231002191703IfZEj.txt.params
chr,lengthVar,countVar,propVar,roh_count_ind,proportionInROH,lengthMedian,gapMedian,gapVar,TajimaD,Fis,selfRate,Cc_bcfvcf_20231002191703IfZEj.txt.params
chr1,3.06293209974052e-06,3.9029004851858e-12,0.0187537547228859,1.32312612555395e-05,0.668398721446833,0.00114784703070318,0.00023028262625409,6.60229188675843e-06,-0.14388717796063,0.630483333333333,0.637231180375181,Cc_bcfvcf_20231002191703IfZEj.txt.params
chr2,1.05774607000624e-06,6.81738795214828e-12,0.00996444983858883,1.57282577973344e-05,0.663330899962055,0.000766292255210428,0.000178491110526042,1.92170563647835e-06,0.0684605701984127,0.630483333333333,0.641357432900434,Cc_bcfvcf_20231002191703IfZEj.txt.params
chr3,3.46090639389436e-06,6.66018768274845e-12,0.0242129382644321,1.45677132735196e-05,0.692481825208035,0.00100229671631463,0.00021037317933929,4.66888804158962e-06,-0.220566950763359,0.630483333333333,0.667031349206349,Cc_bcfvcf_20231002191703IfZEj.txt.params
chr4,8.91850999748581e-07,5.38098356176943e-12,0.0258904101561193,1.46836201297755e-05,0.617727509500726,0.000541994704403447,0.000145612595630739,2.23477688668182e-06,-0.20692155383871,0.630483333333333,0.653021894660895,Cc_bcfvcf_20231002191703IfZEj.txt.params
chr5,2.29311149363663e-06,7.49424048432073e-12,0.0243541391173358,1.49264097991718e-05,0.672742641499474,0.00112918934727802,0.000235268337882407,6.95156751330222e-06,-0.0786964495726496,0.630483333333333,0.669364682539683,Cc_bcfvcf_20231002191703IfZEj.txt.params
chr6,1.66142154784018e-06,1.09362129773765e-11,0.0263327266189127,1.54462907577656e-05,0.624637842242847,0.000825261372202942,0.000207468444699491,6.05792204901943e-06,0.141734786234818,0.630483333333333,0.674519904761905,Cc_bcfvcf_20231002191703IfZEj.txt.params
chr7,6.66740122147805e-07,6.19689584689714e-12,0.0195772953938245,1.56896058247322e-05,0.606938782233231,0.00051687653217582,0.00012777739253221,2.73126991854852e-06,-0.118661451782178,0.630483333333333,0.639640894660895,Cc_bcfvcf_20231002191703IfZEj.txt.params
chr8,1.07453742579274e-06,5.45756561416809e-12,0.0187989695228766,1.47800678293284e-05,0.700999885890539,0.000634480812990144,0.000120514001353227,2.24529502812685e-06,-0.226709345792208,0.630483333333333,0.643702894660895,Cc_bcfvcf_20231002191703IfZEj.txt.params
chr,lengthVar,countVar,propVar,roh_count_ind,proportionInROH,lengthMedian,gapMedian,gapVar,TajimaD,Fis,selfRate,Es_bcfvcf_20231002191703IfZEj.txt.params
chr1,4.00884508889907e-06,2.53579007943981e-12,0.00695510590763346,6.65877617729331e-06,0.476099803734054,0.00191294381467258,0.0010772146897506,4.73573413512294e-05,-1.40464309166667,0.567531285714286,0.528672447041847,Es_bcfvcf_20231002191703IfZEj.txt.params
chr2,9.51935587022771e-07,8.10289941965651e-12,0.0115398734951329,1.01604469160929e-05,0.453799802418051,0.000889434953119168,0.000561104559794246,3.25762072942382e-05,-0.759599112490348,0.567531285714286,0.528653615873015,Es_bcfvcf_20231002191703IfZEj.txt.params
chr3,4.72536354539551e-06,4.22237989109826e-12,0.00835574268196575,7.91085498125704e-06,0.512477579005019,0.00163581582340934,0.000964396673224284,3.98846947538311e-05,-1.226167782397,0.567531285714286,0.53551178037518,Es_bcfvcf_20231002191703IfZEj.txt.params
chr4,8.38294050030977e-07,3.65411678475683e-12,0.00729724161595726,7.39181901201691e-06,0.403209635368544,0.000869061160154284,0.000693395206785798,2.6429742864832e-05,-1.11189698481132,0.567531285714286,0.489604944877344,Es_bcfvcf_20231002191703IfZEj.txt.params
chr5,2.599483902061e-06,2.23286823267656e-12,0.00479679658531312,6.40943707002285e-06,0.391798237684224,0.00180873988043956,0.00142972385678389,4.34179792693363e-05,-1.29611017926829,0.567531285714286,0.491942672150072,Es_bcfvcf_20231002191703IfZEj.txt.params
chr6,1.69771522107414e-06,7.63039646673097e-12,0.0106814172238627,9.43976358605478e-06,0.452963408070026,0.00111395609408231,0.000767636240457335,3.80996803488168e-05,-0.689881279414063,0.567531285714286,0.527734949206349,Es_bcfvcf_20231002191703IfZEj.txt.params
chr7,7.00661265991593e-07,6.27037401923562e-12,0.00744388313131871,8.81825101649135e-06,0.409133510067196,0.000729028397304783,0.000541933680860781,5.03171440118078e-05,-0.869454530732704,0.567531285714286,0.507358944877344,Es_bcfvcf_20231002191703IfZEj.txt.params
chr8,1.23603217072353e-06,4.28690349027134e-12,0.0106778177173311,8.50282659991742e-06,0.510067072232961,0.000897659614478903,0.000527652912607126,3.83302141040627e-05,-1.04565598439699,0.567531285714286,0.523329447041846,Es_bcfvcf_20231002191703IfZEj.txt.params
chr,lengthVar,countVar,propVar,roh_count_ind,proportionInROH,lengthMedian,gapMedian,gapVar,TajimaD,Fis,selfRate,Ga_bcfvcf_20231002191703IfZEj.txt.params
chr1,1.54807079716311e-06,4.95688194048297e-12,0.0178490679582764,1.03018465502375e-05,0.474213065523831,0.00115827619273953,0.000488522135257215,2.09363992614858e-05,-0.095249516614786,0.417024705882353,0.476826968253968,Ga_bcfvcf_20231002191703IfZEj.txt.params
chr2,4.58594937366651e-07,1.18281995898514e-11,0.0139672071093208,1.38509394769988e-05,0.45825558012381,0.000632646393856647,0.000292070665584465,9.07103051358717e-06,-0.0988153446721311,0.417024705882353,0.489536126984127,Ga_bcfvcf_20231002191703IfZEj.txt.params
chr3,1.78390699783164e-06,6.250994361116e-12,0.018836563961723,1.22889961364168e-05,0.54156414068966,0.00106254890970977,0.000385706075994879,1.26558941560728e-05,-0.0920608696837945,0.417024705882353,0.513679301587302,Ga_bcfvcf_20231002191703IfZEj.txt.params
chr4,4.62525556748763e-07,4.00491283320048e-12,0.00995114417945396,1.05998093996525e-05,0.436801445815515,0.000636848750102532,0.000368894524131036,1.02616945798488e-05,-0.147888520905923,0.417024705882353,0.450400301587301,Ga_bcfvcf_20231002191703IfZEj.txt.params
chr5,1.64879281953807e-06,1.8155174905816e-12,0.00707089576993949,9.06048595621615e-06,0.417561280340225,0.00127561534246996,0.000653895148203723,1.77018527231298e-05,-0.142150961886792,0.417024705882353,0.45338418037518,Ga_bcfvcf_20231002191703IfZEj.txt.params
chr6,7.38317271564323e-07,5.4093598459514e-12,0.0121347821250855,1.3121951280439e-05,0.456629417540237,0.000792375512194275,0.000377633302294433,1.2537294883667e-05,-0.0913932980257511,0.417024705882353,0.485354968253968,Ga_bcfvcf_20231002191703IfZEj.txt.params
chr7,3.75680248093001e-07,1.20758478992636e-11,0.0166181987123735,1.19080085255667e-05,0.418600566941652,0.000538346911782782,0.00024971749421199,3.33095999105094e-05,-0.0972770710666667,0.417024705882353,0.472742109668109,Ga_bcfvcf_20231002191703IfZEj.txt.params
chr8,5.35034703536493e-07,6.38389882445276e-12,0.017368105715152,1.16193923542597e-05,0.477653358464687,0.000613193553960912,0.000250004799674442,1.00749132637358e-05,0.0453896993224932,0.417024705882353,0.497462634920635,Ga_bcfvcf_20231002191703IfZEj.txt.params
chr,lengthVar,countVar,propVar,roh_count_ind,proportionInROH,lengthMedian,gapMedian,gapVar,TajimaD,Fis,selfRate,GB_bcfvcf_20231002191703IfZEj.txt.params
chr1,1.78061157265663e-06,2.60072052056862e-12,0.00619595688066879,1.11805962671725e-05,0.54147297045448,0.00123752100298664,0.000440329313911856,1.10216009652532e-05,0.195417685866667,0.4523045,0.517952190476191,GB_bcfvcf_20231002191703IfZEj.txt.params
chr2,5.71023123250451e-07,5.8631936620188e-12,0.0102575849329896,1.27720142379525e-05,0.451203162671902,0.000665572181887819,0.000350890887598278,8.03510323489739e-06,0.153515814358974,0.4523045,0.497105523809524,GB_bcfvcf_20231002191703IfZEj.txt.params
chr3,1.90204321611187e-06,1.27451137842782e-11,0.0380401934412393,1.18951460441655e-05,0.542874018784351,0.00106570450739986,0.000369533637833171,2.28106529693513e-05,-0.00717822288288289,0.4523045,0.562301682539682,GB_bcfvcf_20231002191703IfZEj.txt.params
chr4,5.21455859287969e-07,1.69367011336135e-12,0.000662443383540896,1.1846467455667e-05,0.511211498076434,0.000667459019830124,0.000324580241510454,2.63355404042733e-06,0.177226644285714,0.4523045,0.505267523809524,GB_bcfvcf_20231002191703IfZEj.txt.params
chr5,1.72469345640692e-06,2.77294839111203e-12,0.00595363771066286,9.65196188140334e-06,0.443798385986063,0.00127367709223277,0.000551485053852873,1.5908958952203e-05,0.224769622404372,0.4523045,0.48758719047619,GB_bcfvcf_20231002191703IfZEj.txt.params
chr6,7.84122931652119e-07,1.2732422000711e-11,0.0120968042409755,1.44549653323793e-05,0.491299865907012,0.000765644519427666,0.000303879722812334,9.61556861263675e-06,0.252743620333333,0.4523045,0.510101682539682,GB_bcfvcf_20231002191703IfZEj.txt.params
chr7,4.22534265308255e-07,8.01452678952257e-12,0.00947170902544976,1.21482182005203e-05,0.44633165134244,0.000562389316274807,0.000279225451584776,1.09074041935015e-05,0.133479844152542,0.4523045,0.485639571428571,GB_bcfvcf_20231002191703IfZEj.txt.params
chr8,7.61533331197781e-07,8.36534759253998e-12,0.0163751164398041,1.27861477072723e-05,0.574017364471886,0.000628235211520247,0.000225926098187603,5.25197409963485e-06,0.268617919515823,0.4523045,0.532085349206349,GB_bcfvcf_20231002191703IfZEj.txt.params
chr,lengthVar,countVar,propVar,roh_count_ind,proportionInROH,lengthMedian,gapMedian,gapVar,TajimaD,Fis,selfRate,GE_bcfvcf_20231002191703IfZEj.txt.params
chr1,1.68103434299867e-06,4.78596378208946e-14,9.75928704702708e-07,1.6470887046787e-05,0.702992578709875,0.0010255903376707,0.000226514670937734,1.75657979409551e-06,0.36500268852459,-0.6113,0.264904326978021,GE_bcfvcf_20231002191703IfZEj.txt.params
chr2,4.88617160985791e-07,1.3215296957525e-13,2.67959748466069e-05,1.99225365837573e-05,0.606421029037049,0.000541025719890959,0.000195674686997583,7.25042746377583e-07,0.237604826086957,-0.6113,0.250098949585672,GE_bcfvcf_20231002191703IfZEj.txt.params
chr3,1.48030313321391e-06,2.43152233111392e-13,1.2261120720979e-06,1.83223189189258e-05,0.721834635700537,0.000931476557738612,0.000222255976891032,7.05991321638466e-07,0.0237133,-0.6113,0.265272225854425,GE_bcfvcf_20231002191703IfZEj.txt.params
chr4,3.95635276758949e-07,1.01298009229712e-13,5.47393596523745e-05,1.78069830860171e-05,0.614487994746239,0.000478248171280033,0.000162449238466611,8.9848464007591e-07,0.164537403508772,-0.6113,0.261081473599355,GE_bcfvcf_20231002191703IfZEj.txt.params
chr5,1.30626065867195e-06,2.26412797149271e-13,1.66320274600225e-05,2.04331924174146e-05,0.71239148681684,0.00088024753499502,0.000201648506495376,5.78308530450316e-07,0.286930215686275,-0.6113,0.263942435339716,GE_bcfvcf_20231002191703IfZEj.txt.params
chr6,9.30957816888643e-07,3.41080097644254e-13,4.87150555705019e-06,2.09967178998953e-05,0.642660314320252,0.000620159032185313,0.000208936028616089,8.36186408511121e-07,0.175320069090909,-0.6113,0.25592069665101,GE_bcfvcf_20231002191703IfZEj.txt.params
chr7,3.19116749157337e-07,1.53548504786193e-13,2.33445944760342e-06,1.91475038106342e-05,0.59065981001012,0.000466400543806437,0.000160088455150828,1.04704127102515e-06,0.110898684210526,-0.6113,0.234298905731851,GE_bcfvcf_20231002191703IfZEj.txt.params
chr8,5.74050682016003e-07,1.45606931119882e-13,3.17767468216714e-06,1.8001849778177e-05,0.694639426616432,0.000535515140824055,0.000141700848783264,6.84660848445158e-07,0.189282569767442,-0.6113,0.265000195654357,GE_bcfvcf_20231002191703IfZEj.txt.params
chr,lengthVar,countVar,propVar,roh_count_ind,proportionInROH,lengthMedian,gapMedian,gapVar,TajimaD,Fis,selfRate,Gf_bcfvcf_20231002191703IfZEj.txt.params
chr1,7.09648987177359e-07,1.00946398760775e-12,0.00361529458435001,6.7881373101539e-06,0.140946437103429,0.000410269777526461,0.00147004085270982,4.60394038714767e-05,-0.487283634831461,0.00067175,0.0435083661134379,Gf_bcfvcf_20231002191703IfZEj.txt.params
chr2,2.66963421887169e-07,4.10852089991929e-12,0.00619856327214016,9.27057668588471e-06,0.18751416879471,0.000321487043395336,0.000448377290075039,1.7285075093977e-05,-0.376771573189964,0.00067175,0.0584231170634923,Gf_bcfvcf_20231002191703IfZEj.txt.params
chr3,6.91544340816083e-07,2.65084465001419e-13,0.000663189080266193,7.19055088955974e-06,0.144783034280512,0.00040753229335133,0.00105696087213357,3.63880841912069e-05,-0.43178784350365,0.00067175,0.0477950327801046,Gf_bcfvcf_20231002191703IfZEj.txt.params
chr4,2.48968192681228e-07,2.36999282113841e-12,0.00716767470758616,8.52698400065149e-06,0.190811722793226,0.000270539888781493,0.00044568870958798,1.35528594528944e-05,-0.41878767245509,0.00067175,0.0607873100866315,Gf_bcfvcf_20231002191703IfZEj.txt.params
chr5,7.71069897717832e-07,1.42550919464529e-11,0.041360454495152,8.49004372899881e-06,0.233882113250914,0.000501901088694014,0.000877710189229961,4.51730236859597e-05,-0.370312322222222,0.00067175,0.138421653353815,Gf_bcfvcf_20231002191703IfZEj.txt.params
chr6,2.1773455589565e-07,2.92941064265076e-13,0.000192369610433303,6.92336810913634e-06,0.104438754274268,0.000315904925720786,0.00113246562184675,3.52435358251933e-05,-0.384591835018587,0.00067175,0.0598321194923372,Gf_bcfvcf_20231002191703IfZEj.txt.params
chr7,2.09604953721843e-07,9.83427560213978e-12,0.0165808205968556,1.08443868843029e-05,0.228995437716203,0.000251656559847995,0.000269921955320833,1.04657271654265e-05,-0.333226198721557,0.00067175,0.0965330438940535,Gf_bcfvcf_20231002191703IfZEj.txt.params
chr8,1.59803780388323e-07,2.01252967464655e-12,0.00342211639908374,7.07873296630039e-06,0.136626818438547,0.000241248908224682,0.000721939315888545,1.97653777226384e-05,-0.549969034803922,0.00067175,0.0504337674327585,Gf_bcfvcf_20231002191703IfZEj.txt.params
chr,lengthVar,countVar,propVar,roh_count_ind,proportionInROH,lengthMedian,gapMedian,gapVar,TajimaD,Fis,selfRate,GR_bcfvcf_20231002191703IfZEj.txt.params
chr1,3.35854815527788e-06,3.03118824503841e-12,0.0011730119414836,1.25579598801774e-05,0.71246601045408,0.00132864160097192,0.000226279173730461,3.03674950733348e-06,-0.889743725570776,0.163233333333333,0.335259249278499,GR_bcfvcf_20231002191703IfZEj.txt.params
chr2,9.00945395490058e-07,3.11091916114538e-12,0.000139941114993286,1.47860187995416e-05,0.639656431452387,0.000817918186272626,0.000209010445834722,1.85275828123364e-06,-0.922030663686869,0.163233333333333,0.335989539321789,GR_bcfvcf_20231002191703IfZEj.txt.params
chr3,2.93635285005834e-06,1.54691138217615e-12,0.001118162572383,1.27748953642057e-05,0.728459636757437,0.00142011757296802,0.000278547237768928,1.4203414277152e-06,-0.461366017529881,0.163233333333333,0.327702534992785,GR_bcfvcf_20231002191703IfZEj.txt.params
chr4,8.11732951751452e-07,8.72253438623788e-12,0.0166132607299506,1.25974776194919e-05,0.605837826981518,0.000702584254618252,0.000178231726464561,7.95170024724727e-06,-0.430520039590444,0.163233333333333,0.331576435425686,GR_bcfvcf_20231002191703IfZEj.txt.params
chr5,2.63448324637817e-06,5.87727400433193e-12,0.00413902687684126,1.52237101258552e-05,0.719318335422477,0.00117806849416881,0.00023343581038542,3.36302128800698e-06,-0.431615578341014,0.163233333333333,0.344137128066378,GR_bcfvcf_20231002191703IfZEj.txt.params
chr6,1.74951263110496e-06,4.16518112738046e-12,6.21632005986651e-05,1.58721773267746e-05,0.698313378838265,0.00095689466431414,0.000216648331851273,1.15759954159663e-06,-0.155948231981982,0.163233333333333,0.339787253488605,GR_bcfvcf_20231002191703IfZEj.txt.params
chr7,6.23209935136782e-07,1.08648004208492e-11,0.013348241492105,1.49132139918059e-05,0.598391069995915,0.000588792759235544,0.000151337542358286,5.62539766632031e-06,-0.862515798765432,0.163233333333333,0.329678102092352,GR_bcfvcf_20231002191703IfZEj.txt.params
chr8,1.26414351701038e-06,2.42253044308744e-12,0.00115899100781889,1.35153608648115e-05,0.712995053379236,0.000736338339213035,0.000150175587755279,1.14733837452899e-06,-0.434011456948229,0.163233333333333,0.327024188672439,GR_bcfvcf_20231002191703IfZEj.txt.params
chr,lengthVar,countVar,propVar,roh_count_ind,proportionInROH,lengthMedian,gapMedian,gapVar,TajimaD,Fis,selfRate,Gs_bcfvcf_20231002191703IfZEj.txt.params
chr1,8.25305034345509e-07,4.80237335539754e-12,0.00917155450425763,8.02175604974293e-06,0.173221459226628,0.000430758034559148,0.00107861085176514,4.07947974602749e-05,-0.615762504926471,0.1041034375,0.138714575396826,Gs_bcfvcf_20231002191703IfZEj.txt.params
chr2,2.432092138972e-07,3.79756765677903e-12,0.00152548458492306,7.74156353451967e-06,0.131984525833751,0.000295417138901679,0.000728478360086695,2.74482443533276e-05,-0.473554071275168,0.1041034375,0.11734541955267,Gs_bcfvcf_20231002191703IfZEj.txt.params
chr3,9.69725027433771e-07,6.07084341682531e-12,0.026939099452337,9.28734047036811e-06,0.228798184937326,0.000470200491227948,0.000711620149924418,3.06478757330316e-05,-0.68661366458042,0.1041034375,0.187868242063492,Gs_bcfvcf_20231002191703IfZEj.txt.params
chr4,3.03204738283867e-07,6.12862026283632e-12,0.0131851084448067,9.66871933227084e-06,0.21164023199408,0.000256825931031542,0.000334067635051754,1.18949290575201e-05,-0.464881909289618,0.1041034375,0.156738127330416,Gs_bcfvcf_20231002191703IfZEj.txt.params
chr5,6.59289360502026e-07,8.20257279241732e-12,0.0251237963054912,9.22043406440559e-06,0.201583644899809,0.00044815869575353,0.0007183507788189,3.47693737072467e-05,-0.512181077964844,0.1041034375,0.187578908730159,Gs_bcfvcf_20231002191703IfZEj.txt.params
chr6,5.24226239277605e-07,6.18553512044252e-12,0.00388631625817835,9.57825425968942e-06,0.186350210399681,0.00037731882002659,0.000490173028143767,2.96590594097459e-05,-0.572069592795699,0.1041034375,0.125654086219337,Gs_bcfvcf_20231002191703IfZEj.txt.params
chr7,2.79350781210387e-07,1.20504694353477e-11,0.0286120241971473,1.1720205269361e-05,0.263411476862289,0.000257945964449753,0.000243277385027122,1.07336868559803e-05,-0.454386456320225,0.1041034375,0.209593127330416,Gs_bcfvcf_20231002191703IfZEj.txt.params
chr8,3.24659803091385e-07,4.35978841044384e-12,0.00338842102715461,8.92477367426426e-06,0.191631693956882,0.000274585559157253,0.000380821031105023,1.48632780460807e-05,-0.770953239294118,0.1041034375,0.125978653324794,Gs_bcfvcf_20231002191703IfZEj.txt.params
chr,lengthVar,countVar,propVar,roh_count_ind,proportionInROH,lengthMedian,gapMedian,gapVar,TajimaD,Fis,selfRate,Gz_bcfvcf_20231002191703IfZEj.txt.params
chr1,1.74153391740462e-06,1.76784207289704e-11,0.0842634549819385,1.03409638034271e-05,0.366336328687549,0.000552611018093452,0.00048746239782449,3.14487898740676e-05,-0.0454341316058394,0.09050711875,0.229978,Gz_bcfvcf_20231002191703IfZEj.txt.params
chr2,6.25943390521006e-07,2.86577890432919e-11,0.0578487951758247,1.30734476695645e-05,0.409414192664221,0.000446848189907623,0.000243628270936396,1.41885399770238e-05,-0.191246856552189,0.09050711875,0.288014,Gz_bcfvcf_20231002191703IfZEj.txt.params
chr3,1.2760246630296e-06,3.49307532860033e-11,0.0682452838131987,1.29799372100018e-05,0.427045980709772,0.000585987916887737,0.000351684788398603,3.66752844958473e-05,-0.235784461852113,0.09050711875,0.290321333333333,Gz_bcfvcf_20231002191703IfZEj.txt.params
chr4,4.24487320300941e-07,3.02546117810516e-11,0.0656833128306913,1.43255690367022e-05,0.446765853876195,0.000343037896031055,0.000158879034817422,6.92499225574976e-06,0.0396127406571429,0.09050711875,0.315900333333333,Gz_bcfvcf_20231002191703IfZEj.txt.params
chr5,1.12144608803652e-06,3.77096229706346e-11,0.0542146451390745,1.20817180604209e-05,0.335378168876745,0.00054743234881146,0.000395226843821329,3.49672718090399e-05,-0.110037411214575,0.09050711875,0.241575666666667,Gz_bcfvcf_20231002191703IfZEj.txt.params
chr6,6.39686646129171e-07,3.30578752606119e-11,0.0532605762911933,1.16893689306157e-05,0.317929878689133,0.000442641279661294,0.000387936340402795,2.60910278642694e-05,0.0297923328409091,0.09050711875,0.238529490446761,Gz_bcfvcf_20231002191703IfZEj.txt.params
chr7,2.26168092068467e-07,6.66054037825573e-12,0.0190428815772824,9.9587107869007e-06,0.194791215568916,0.000206465278859641,0.000291573180427526,1.34833525840206e-05,-0.0202533348255814,0.09050711875,0.176283993078165,Gz_bcfvcf_20231002191703IfZEj.txt.params
chr8,4.64830349822163e-07,2.5935954161896e-12,0.00469186747524963,8.42621973682925e-06,0.204248506764477,0.000263911806162878,0.000339712522394799,1.86636215805696e-05,-0.0379320317433414,0.09050711875,0.129488735401044,Gz_bcfvcf_20231002191703IfZEj.txt.params
chr,lengthVar,countVar,propVar,roh_count_ind,proportionInROH,lengthMedian,gapMedian,gapVar,TajimaD,Fis,selfRate,La_bcfvcf_20231002191703IfZEj.txt.params
chr1,1.98658743274097e-06,1.6669179326996e-12,0.00254246062211489,1.51607670382432e-05,0.670665908001857,0.00104631409191066,0.000234555218443172,3.04379825804339e-06,-0.948529707961165,0.44169375,0.580414028860029,La_bcfvcf_20231002191703IfZEj.txt.params
chr2,5.97278520055146e-07,2.06625299343604e-12,0.00107143992964465,1.86572844021207e-05,0.637084581256697,0.00063080395349099,0.000188680933772842,8.59865084709396e-07,-0.568442018121212,0.44169375,0.565688106782107,La_bcfvcf_20231002191703IfZEj.txt.params
chr3,2.02014261857917e-06,4.87092551046376e-12,0.0110632365196126,1.67871293161196e-05,0.716425304865179,0.000981062173525068,0.000208663897257158,3.45450272692378e-06,-0.470464983361702,0.44169375,0.584782258297258,La_bcfvcf_20231002191703IfZEj.txt.params
chr4,5.46939965594034e-07,4.27715706947538e-12,0.00534359272433063,1.82997905470467e-05,0.671344642011061,0.000516078407161697,0.000126190289984869,1.38454769291583e-06,-0.913861088284519,0.44169375,0.571255182753084,La_bcfvcf_20231002191703IfZEj.txt.params
chr5,1.73256087871358e-06,4.98485401202197e-12,0.00821570368842802,1.69259068744331e-05,0.665230413150636,0.00100267446815911,0.000242915616090987,4.15356576598335e-06,-0.337372487096774,0.44169375,0.567793301587302,La_bcfvcf_20231002191703IfZEj.txt.params
chr6,1.14895140740656e-06,2.92713406258566e-12,0.0069913439542821,1.77226413972858e-05,0.631471016784563,0.000775333568346431,0.000224929698237791,2.40527789181169e-06,-0.492328720406091,0.44169375,0.566948301587302,La_bcfvcf_20231002191703IfZEj.txt.params
chr7,3.83872063654538e-07,5.82964641256597e-12,0.00658745646925244,1.80223292002443e-05,0.598527034875654,0.000483580866280888,0.000143169353953766,1.67558397998314e-06,-0.518162836915888,0.44169375,0.548036455480357,La_bcfvcf_20231002191703IfZEj.txt.params
chr8,6.64515959243316e-07,2.21063936768935e-12,0.00424254802747469,1.72129089918505e-05,0.69450564882401,0.00056877146247727,0.000124430053721812,1.35407956530488e-06,-0.790323757615894,0.44169375,0.577401318903319,La_bcfvcf_20231002191703IfZEj.txt.params
chr,lengthVar,countVar,propVar,roh_count_ind,proportionInROH,lengthMedian,gapMedian,gapVar,TajimaD,Fis,selfRate,LC_bcfvcf_20231002191703IfZEj.txt.params
chr1,8.83133320866103e-06,5.55260177466935e-14,5.20230686703678e-06,8.5852914655659e-06,0.869914775288987,0.00260998190574029,0.000115174955585227,1.26052772600988e-06,1.47856257317073,0.4952,0.661992624246222,LC_bcfvcf_20231002191703IfZEj.txt.params
chr2,3.40843586054883e-06,1.90277353684677e-14,5.77854862221058e-06,1.03420648044516e-05,0.831068221104776,0.00141830307331837,0.000119921560670822,7.05565374526703e-07,1.24498574173913,0.4952,0.662364957579555,LC_bcfvcf_20231002191703IfZEj.txt.params
chr3,9.8091776257604e-06,2.7053087403428e-14,1.19080383194268e-05,8.87816209682737e-06,0.910472114570626,0.00237189185543195,0.000124514625521442,3.18098456289281e-07,1.53385327878788,0.4952,0.658876386150984,LC_bcfvcf_20231002191703IfZEj.txt.params
chr4,2.18049331328761e-06,4.45021423257009e-12,0.0236666971771742,1.16674608069525e-05,0.669787695869479,0.000694509030765489,0.000159058042242729,1.26825713710975e-06,0.359920907344633,0.4952,0.604736568253968,LC_bcfvcf_20231002191703IfZEj.txt.params
chr5,7.97733546467229e-06,7.95598017366853e-14,0.00158133861920684,1.01572143743253e-05,0.809947006045747,0.00183319707434166,0.000186829702409164,1.31824215989693e-06,0.867124123611111,0.4952,0.633409265223665,LC_bcfvcf_20231002191703IfZEj.txt.params
chr6,4.93256816929252e-06,2.47573494305287e-12,0.0119822077665734,1.18083119140803e-05,0.73483920909379,0.00116617512589025,0.000145919772278897,2.20590735123822e-06,0.574959286486486,0.4952,0.605745477344877,LC_bcfvcf_20231002191703IfZEj.txt.params
chr7,1.62561398020471e-06,2.11986729917896e-12,0.0389021490897922,1.19182207808881e-05,0.624414291661232,0.000667400269785317,0.000135031306465868,1.75835151030947e-06,0.0572275144385027,0.4952,0.605499615873016,LC_bcfvcf_20231002191703IfZEj.txt.params
chr8,3.88792322019165e-06,2.82504888737587e-13,0.000853004886585078,8.8382587296461e-06,0.865264985875493,0.00137324911290369,0.000104749380279692,4.11695062129746e-07,1.16787320873362,0.4952,0.627896154112554,LC_bcfvcf_20231002191703IfZEj.txt.params
chr,lengthVar,countVar,propVar,roh_count_ind,proportionInROH,lengthMedian,gapMedian,gapVar,TajimaD,Fis,selfRate,Ma_bcfvcf_20231002191703IfZEj.txt.params
chr1,7.25166304525708e-06,1.5794440206642e-12,0.00511712802830271,5.47833435829983e-06,0.507074680970701,0.00255548112348585,0.00131905350039012,3.42440310521007e-05,-1.64094528244275,0.517707553191489,0.525143840981241,Ma_bcfvcf_20231002191703IfZEj.txt.params
chr2,1.7845343468531e-06,6.01552757286613e-12,0.00824368275257819,8.45546533828518e-06,0.478556731147048,0.00113206053542119,0.000684660866764664,2.81430129006423e-05,-1.05514433531835,0.517707553191489,0.511283447041847,Ma_bcfvcf_20231002191703IfZEj.txt.params
chr3,8.10073098655402e-06,2.05462347505536e-12,0.00455880720932635,6.47873986153891e-06,0.542422751182651,0.00207566012227481,0.00128409816420146,1.29768772398505e-05,-1.58595559778598,0.517707553191489,0.533380174314574,Ma_bcfvcf_20231002191703IfZEj.txt.params
chr4,1.47077332996736e-06,2.180513265485e-12,0.00384364319676811,6.30630660016005e-06,0.436183950895571,0.00111133776545111,0.000858798067769984,2.03435753514852e-05,-1.36004616044304,0.517707553191489,0.493224126695526,Ma_bcfvcf_20231002191703IfZEj.txt.params
chr5,4.66090668923185e-06,1.3536355682942e-12,0.00369275629163079,5.39547091059607e-06,0.418509291912393,0.00225298683480529,0.00198853902062471,3.34019764298379e-05,-1.49333112926829,0.517707553191489,0.485260005483405,Ma_bcfvcf_20231002191703IfZEj.txt.params
chr6,2.76287006221758e-06,6.48888843015928e-12,0.00509136364488963,8.49813396795235e-06,0.48339905561168,0.00134057800642802,0.000873781493527206,2.3933077042139e-05,-0.98662072616,0.517707553191489,0.532502628860028,Ma_bcfvcf_20231002191703IfZEj.txt.params
chr7,1.30633783462666e-06,3.90680759255652e-12,0.00686231002228863,7.24661394031402e-06,0.432648132916669,0.000923145947321675,0.000664305802345474,3.5131053721823e-05,-1.13208514890675,0.517707553191489,0.481798399422799,Ma_bcfvcf_20231002191703IfZEj.txt.params
chr8,2.54111987374138e-06,3.43008903095202e-12,0.00615787316139531,7.09055959432477e-06,0.542536182101464,0.00113362687258595,0.000628717187196381,2.59748646837013e-05,-1.47840681330049,0.517707553191489,0.520727447041846,Ma_bcfvcf_20231002191703IfZEj.txt.params
chr,lengthVar,countVar,propVar,roh_count_ind,proportionInROH,lengthMedian,gapMedian,gapVar,TajimaD,Fis,selfRate,Mv_bcfvcf_20231002191703IfZEj.txt.params
chr1,7.14404106091351e-07,2.22774294989493e-11,0.0483192095346318,8.95695784951098e-06,0.218359280796328,0.00039679597302467,0.000902526225641851,4.45135183805736e-05,-0.139531130539568,0.0121504611764706,0.150015827956989,Mv_bcfvcf_20231002191703IfZEj.txt.params
chr2,2.23948440522793e-07,1.28961033011958e-11,0.0136604478680314,9.82512490272901e-06,0.179018588856043,0.00026907149503357,0.000445118552013332,1.9968450083301e-05,-0.124825312086093,0.0121504611764706,0.0861235403479542,Mv_bcfvcf_20231002191703IfZEj.txt.params
chr3,7.74952129060676e-07,3.33718944005598e-11,0.0522542072332886,9.91941751895208e-06,0.241001631286524,0.000375746220785534,0.000592660691169905,5.39119791926335e-05,-0.314128529137931,0.0121504611764706,0.163930666666667,Mv_bcfvcf_20231002191703IfZEj.txt.params
chr4,1.96365741835349e-07,1.55616546423456e-11,0.0198884363286015,1.09744563653991e-05,0.205387085916912,0.000204207692848081,0.000259839222690886,1.08574099127447e-05,-0.145368098435754,0.0121504611764706,0.123872937173351,Mv_bcfvcf_20231002191703IfZEj.txt.params
chr5,4.63389497268895e-07,2.70270423682442e-11,0.0442400871459045,8.80450702817026e-06,0.180748237965696,0.000358999184842432,0.000951945173314636,4.89058503524883e-05,-0.274229820155642,0.0121504611764706,0.153231827956989,Mv_bcfvcf_20231002191703IfZEj.txt.params
chr6,1.52877034735638e-07,1.24451440219932e-12,0.000231460085681191,7.60239761837829e-06,0.0924056004877567,0.000251436060813083,0.000893039788596034,3.54469265929925e-05,-0.179029994727273,0.0121504611764706,0.0572056635756306,Mv_bcfvcf_20231002191703IfZEj.txt.params
chr7,1.62737473543096e-07,1.20172589418986e-11,0.0191772128654255,1.2524562411599e-05,0.208165449799182,0.000183457712504966,0.000218009249925808,9.8261444893866e-06,-0.157012887810585,0.0121504611764706,0.120393429236843,Mv_bcfvcf_20231002191703IfZEj.txt.params
chr8,2.87428005963441e-07,4.48188243339973e-11,0.0508486662694574,1.36086688006335e-05,0.348164219205973,0.000270769918387862,0.000194095621242949,1.4559898710919e-05,-0.337414337714286,0.0121504611764706,0.213804318125732,Mv_bcfvcf_20231002191703IfZEj.txt.params
chr,lengthVar,countVar,propVar,roh_count_ind,proportionInROH,lengthMedian,gapMedian,gapVar,TajimaD,Fis,selfRate,NU_bcfvcf_20231002191703IfZEj.txt.params
chr1,1.50785787758872e-06,6.37136685576006e-14,8.65604905290701e-05,1.69763711700826e-05,0.691205593952075,0.000980072091750788,0.000205454492115957,1.83711279525235e-06,0.499904912280702,-0.65975,0.256574604923019,NU_bcfvcf_20231002191703IfZEj.txt.params
chr2,4.63747028987075e-07,1.57178929968419e-14,1.37409750051658e-08,2.11574726975551e-05,0.609306567475252,0.000514905680965583,0.000183517087305829,6.85449920359028e-07,0.386908818181818,-0.65975,0.264989442740604,NU_bcfvcf_20231002191703IfZEj.txt.params
chr3,1.23979954058483e-06,9.75721569537536e-14,1.15775513585142e-05,1.90866151880071e-05,0.716503651675436,0.000916602516543139,0.000224310402470517,6.01160980380379e-07,0.127788666666667,-0.65975,0.273069559187759,NU_bcfvcf_20231002191703IfZEj.txt.params
chr4,3.39625615309659e-07,1.42486384256581e-14,2.70918902578717e-05,1.86573150177229e-05,0.606848706212846,0.000463400499836467,0.000157705541695961,9.02135201467928e-07,0.431388769230769,-0.65975,0.265114050067102,NU_bcfvcf_20231002191703IfZEj.txt.params
chr5,1.11838291044493e-06,3.75965023354822e-14,7.61547589456586e-05,2.09877540873921e-05,0.696167303202765,0.000848742158412205,0.000188891295843274,7.07436870852661e-07,0.625347428571429,-0.65975,0.266241271589686,NU_bcfvcf_20231002191703IfZEj.txt.params
chr6,7.79165492031065e-07,1.63542359553724e-13,0.000170781400587043,2.20660962110623e-05,0.636711611673702,0.000612671359141445,0.000196955751745901,7.95639572488714e-07,0.594932930434783,-0.65975,0.249863834710466,NU_bcfvcf_20231002191703IfZEj.txt.params
chr7,3.04922176551345e-07,8.18018884314142e-15,2.65021582951763e-05,2.01445851632553e-05,0.589696027045409,0.000439816255345969,0.000141521650511772,8.99442048730465e-07,0.0686336111111111,-0.65975,0.245564308798841,NU_bcfvcf_20231002191703IfZEj.txt.params
chr8,4.89837587300138e-07,1.22058007482249e-14,1.83522323783573e-06,1.91692107348139e-05,0.685824027128566,0.000488924158797811,0.000127482566337325,6.24079358553738e-07,0.535654815789474,-0.65975,0.27504910940727,NU_bcfvcf_20231002191703IfZEj.txt.params
chr,lengthVar,countVar,propVar,roh_count_ind,proportionInROH,lengthMedian,gapMedian,gapVar,TajimaD,Fis,selfRate,Pa_bcfvcf_20231002191703IfZEj.txt.params
chr1,3.66220821199865e-06,3.9762704153618e-12,0.0169519950676904,6.72245630119643e-06,0.442590334720993,0.00174170370252746,0.000962914438078095,5.32417480010015e-05,-1.09459582592453,0.469154202898551,0.481251634920635,Pa_bcfvcf_20231002191703IfZEj.txt.params
chr2,8.72096941489095e-07,1.04345449374653e-11,0.0177013259553322,9.57461518843284e-06,0.417929973334475,0.000849803684845637,0.00057569367942435,4.74454579055599e-05,-0.697673561518519,0.469154202898551,0.485071227994227,Pa_bcfvcf_20231002191703IfZEj.txt.params
chr3,4.28464296462251e-06,8.64961212906498e-12,0.0249785478340214,8.2296686133685e-06,0.499414377598739,0.00148937636810363,0.000761649521636043,6.56879888655787e-05,-0.919158353032491,0.469154202898551,0.535294015873015,Pa_bcfvcf_20231002191703IfZEj.txt.params
chr4,7.74469590363471e-07,1.00369159340281e-11,0.0192071513709626,8.32455484027867e-06,0.412316383406348,0.000781924323457348,0.000475125486194112,6.43447552551572e-05,-0.749804512408537,0.469154202898551,0.48946656132756,Pa_bcfvcf_20231002191703IfZEj.txt.params
chr5,2.62684039846933e-06,4.78902620908944e-12,0.0116004316628554,6.61628744714691e-06,0.380571032831292,0.0016551952207401,0.00120072840148732,7.72575069105065e-05,-1.02860098326693,0.469154202898551,0.451912799422799,Pa_bcfvcf_20231002191703IfZEj.txt.params
chr6,1.57457891860411e-06,1.23973018862828e-11,0.0226648228309627,8.69481682159723e-06,0.396737079309465,0.00103728232211311,0.000780155629786682,0.000143655724960432,-0.638563915444015,0.469154202898551,0.490591656565656,Pa_bcfvcf_20231002191703IfZEj.txt.params
chr7,7.02437737144683e-07,1.10936665139298e-11,0.017697550365861,9.43830635773319e-06,0.419786161615745,0.000675578505162044,0.000423479878536929,5.61510046743281e-05,-0.63652354044586,0.469154202898551,0.496801227994227,Pa_bcfvcf_20231002191703IfZEj.txt.params
chr8,1.14774082184472e-06,1.01989687804809e-11,0.0269417506910144,8.30495239542114e-06,0.455912313777276,0.000811185145252608,0.00042735176617175,5.90873879298933e-05,-0.837226854371859,0.469154202898551,0.536210682539682,Pa_bcfvcf_20231002191703IfZEj.txt.params
chr,lengthVar,countVar,propVar,roh_count_ind,proportionInROH,lengthMedian,gapMedian,gapVar,TajimaD,Fis,selfRate,PB_bcfvcf_20231002191703IfZEj.txt.params
chr1,1.96695157533309e-06,7.74248295151786e-13,0.00252965550106793,1.21513562963632e-05,0.631531046233857,0.00131923853391012,0.000350234810901125,4.05203931398741e-06,0.610606122613065,0.6974,0.635077190476191,PB_bcfvcf_20231002191703IfZEj.txt.params
chr2,6.39177538576229e-07,6.77940715276862e-13,0.00105709872316021,1.62172715544026e-05,0.588179589310639,0.000691892758540068,0.000257916583976188,1.07721554890753e-06,0.43722404137931,0.6974,0.612002978354979,PB_bcfvcf_20231002191703IfZEj.txt.params
chr3,2.68192761854712e-06,1.1279338482819e-12,0.000562208579672149,1.49523453692539e-05,0.71331847051146,0.00109034117894905,0.000270641808139069,9.86742132114864e-07,0.285483637267081,0.6974,0.646298645021646,PB_bcfvcf_20231002191703IfZEj.txt.params
chr4,4.71365524257229e-07,2.92133478094795e-13,0.00127701036066485,1.44465865874337e-05,0.601782605917775,0.000630046467940844,0.000220457589123222,1.16086758899333e-06,0.376363978680203,0.6974,0.629017220779221,PB_bcfvcf_20231002191703IfZEj.txt.params
chr5,1.91326655823025e-06,1.18858085746731e-13,0.000907330919391712,1.05485836411653e-05,0.515835910769173,0.00133605350895713,0.000416477114603697,1.10818039503701e-05,0.224929249606299,0.6974,0.595430634920635,PB_bcfvcf_20231002191703IfZEj.txt.params
chr6,1.09054101735782e-06,1.1833992417418e-12,0.00107257699833973,1.63658877213972e-05,0.594625518982364,0.000807171154128958,0.00024722798856243,1.96581991443129e-06,0.191418506140351,0.6974,0.618126311688312,PB_bcfvcf_20231002191703IfZEj.txt.params
chr7,5.03494250290428e-07,6.7969915837214e-13,0.00128092330237403,1.45434844045386e-05,0.546331315121786,0.000545409933244501,0.000223625507389679,2.06024473698574e-06,0.713072572330097,0.6974,0.608985311688312,PB_bcfvcf_20231002191703IfZEj.txt.params
chr8,9.16078710125181e-07,2.47366143020175e-13,0.000525168063403302,1.30721896020467e-05,0.634777179555336,0.000671030635096939,0.000233035239410573,1.81662737520059e-06,0.450193062601626,0.6974,0.640581978354979,PB_bcfvcf_20231002191703IfZEj.txt.params
chr,lengthVar,countVar,propVar,roh_count_ind,proportionInROH,lengthMedian,gapMedian,gapVar,TajimaD,Fis,selfRate,Pi_bcfvcf_20231002191703IfZEj.txt.params
chr1,4.03271499957256e-06,2.60381451886525e-12,0.00482053940448828,7.2166859246894e-06,0.490314349262386,0.001791225400971,0.000953965544201749,3.00782111196458e-05,-1.28545519066915,0.592991089552239,0.543372507647908,Pi_bcfvcf_20231002191703IfZEj.txt.params
chr2,8.23453037189696e-07,5.35539517107962e-12,0.00676841669207338,1.03006652957486e-05,0.439849709842522,0.000845291585990966,0.000607253304191191,1.1272132937574e-05,-0.867945647604563,0.592991089552239,0.527162399422799,Pi_bcfvcf_20231002191703IfZEj.txt.params
chr3,4.33231969258834e-06,3.5352434836889e-12,0.00978200680739733,7.89553401352733e-06,0.504894862185275,0.00159098003956265,0.000971891217738246,4.79550176032334e-05,-1.21308387714286,0.592991089552239,0.53588578037518,Pi_bcfvcf_20231002191703IfZEj.txt.params
chr4,7.94130244427471e-07,3.56941890187516e-12,0.00513324946004439,8.0796213472472e-06,0.41140073113301,0.000815239594278477,0.000623920436052541,1.30274083208865e-05,-1.08171511829787,0.592991089552239,0.510725338816738,Pi_bcfvcf_20231002191703IfZEj.txt.params
chr5,2.7589707028181e-06,1.80389745675985e-12,0.00497176054444246,6.74536236082101e-06,0.404623794545298,0.00171313128237561,0.00125788916302795,3.39235856888025e-05,-1.17824286063559,0.592991089552239,0.518057005483405,Pi_bcfvcf_20231002191703IfZEj.txt.params
chr6,1.43157341170959e-06,2.19767756889684e-12,0.00483502323780065,8.57074466087553e-06,0.413319127002693,0.00112473834326548,0.00100415685656703,1.61263801082446e-05,-1.10425800711382,0.592991089552239,0.515349005483405,Pi_bcfvcf_20231002191703IfZEj.txt.params
chr7,6.2518069508597e-07,6.15733170023596e-12,0.00715624731777225,9.26656538417719e-06,0.410186863550755,0.000693311411107896,0.000521839736446218,2.76966176703596e-05,-0.786659625559105,0.592991089552239,0.524097278210678,Pi_bcfvcf_20231002191703IfZEj.txt.params
chr8,1.2429435625688e-06,3.87716050272051e-12,0.010373327091042,8.62668809062033e-06,0.500966365451934,0.000852574806440577,0.00052248171524861,2.51854679472237e-05,-0.971450232347188,0.592991089552239,0.532155113708513,Pi_bcfvcf_20231002191703IfZEj.txt.params
chr,lengthVar,countVar,propVar,roh_count_ind,proportionInROH,lengthMedian,gapMedian,gapVar,TajimaD,Fis,selfRate,Po_bcfvcf_20231002191703IfZEj.txt.params
chr1,7.49900828575386e-07,1.3659449409976e-11,0.0301594646842328,9.26496177481581e-06,0.220062261751516,0.000427208755220973,0.000671150219496854,3.55392172249975e-05,-0.202938319081081,0.014558125,0.138312492063492,Po_bcfvcf_20231002191703IfZEj.txt.params
chr2,2.59229430864072e-07,1.79595465191748e-11,0.0196134150132549,1.03059497372208e-05,0.1910256338417,0.000273671329143749,0.000424763972735593,1.772499644221e-05,-0.101833090747331,0.014558125,0.122894500921431,Po_bcfvcf_20231002191703IfZEj.txt.params
chr3,8.53654898037319e-07,1.20538934453136e-11,0.0129773179895408,8.57583224850788e-06,0.182669970575079,0.000382846315588235,0.000672849030388373,4.21144735664752e-05,-0.203628635808824,0.014558125,0.0827724920634922,Po_bcfvcf_20231002191703IfZEj.txt.params
chr4,2.67934464742199e-07,1.58628599409068e-11,0.0426912095536268,1.04809916104279e-05,0.245254183224659,0.00023798042708944,0.000318394540480381,1.07191598551933e-05,-0.184568429911765,0.014558125,0.161058812749388,Po_bcfvcf_20231002191703IfZEj.txt.params
chr5,3.8588144908013e-07,8.26602642038811e-12,0.00726866281784392,9.2576331460787e-06,0.162874697168901,0.00039533256656154,0.000744869566155106,3.51180417098516e-05,-0.190150904661355,0.014558125,0.0564451587301589,Po_bcfvcf_20231002191703IfZEj.txt.params
chr6,4.40806462456291e-07,4.28471343079559e-11,0.0528003140390309,1.3086047798645e-05,0.296023190943342,0.000369321985215739,0.000380553494781541,2.02447619579199e-05,-0.0586215878195489,0.014558125,0.17776381109407,Po_bcfvcf_20231002191703IfZEj.txt.params
chr7,1.20014833999718e-07,4.28095871872276e-12,0.00224497288250401,1.093704255422e-05,0.162008932885592,0.000187134904332831,0.000299660993054387,1.03491312481031e-05,-0.0300377937910448,0.014558125,0.0704499053702584,Po_bcfvcf_20231002191703IfZEj.txt.params
chr8,2.25031600407751e-07,1.87683544193928e-11,0.0321723120561769,9.68589908886859e-06,0.211194355327163,0.000230103220714094,0.000295943106305921,1.73830657397839e-05,-0.320397020214797,0.014558125,0.158791270506684,Po_bcfvcf_20231002191703IfZEj.txt.params
chr,lengthVar,countVar,propVar,roh_count_ind,proportionInROH,lengthMedian,gapMedian,gapVar,TajimaD,Fis,selfRate,RI_bcfvcf_20231002191703IfZEj.txt.params
chr1,1.64691036182719e-06,1.81259438470458e-14,5.58363132385699e-08,1.68895862768228e-05,0.691114715929844,0.000982813952092601,0.000215412659737756,1.75070941247065e-06,1.15484875471698,-0.57015,0.267161634670328,RI_bcfvcf_20231002191703IfZEj.txt.params
chr2,4.35383860314804e-07,7.60642128570944e-14,0.000103117632090091,2.13107018722973e-05,0.603105674014297,0.00051817695263522,0.000176260128314566,7.10721137298098e-07,0.333894943589744,-0.57015,0.251058119168975,RI_bcfvcf_20231002191703IfZEj.txt.params
chr3,1.41301927118657e-06,1.82668564503666e-13,7.34291798838781e-06,1.90746472513592e-05,0.71772962040684,0.00088103630091109,0.00023348135825734,5.64305038145815e-07,0.417867368421053,-0.57015,0.261542326978021,RI_bcfvcf_20231002191703IfZEj.txt.params
chr4,3.27151747583029e-07,5.69874450076361e-14,1.69403735178111e-05,1.88385834978168e-05,0.611336556326622,0.000471256936836076,0.000151221494957043,8.76815829122509e-07,0.426820489361702,-0.57015,0.256037469647521,RI_bcfvcf_20231002191703IfZEj.txt.params
chr5,1.13773246735005e-06,2.43487689456261e-13,8.17361731862751e-05,2.1367391573779e-05,0.706638624427438,0.000844583730630581,0.000192098218963002,5.88804908499582e-07,0.824527351351351,-0.57015,0.255324271589686,RI_bcfvcf_20231002191703IfZEj.txt.params
chr6,8.12238277786606e-07,2.01888991720143e-13,2.40982042818261e-05,2.26815760980202e-05,0.644567444560538,0.000596797492288446,0.00019153467646214,6.50717623920061e-07,0.393247795454545,-0.57015,0.254375304016051,RI_bcfvcf_20231002191703IfZEj.txt.params
chr7,2.68012655262229e-07,3.51249240302288e-13,5.19980730282376e-05,2.01816989849641e-05,0.59020673070705,0.000438690994458753,0.000142486159843671,1.01903116876563e-06,0.187809581395349,-0.57015,0.229400017073646,RI_bcfvcf_20231002191703IfZEj.txt.params
chr8,5.1262893924566e-07,2.2696127429983e-14,6.81407962222804e-07,1.9089433466095e-05,0.676048669894649,0.000474424723874127,0.000124269395163101,5.43013578984382e-07,0.812025449275362,-0.57015,0.274534170013331,RI_bcfvcf_20231002191703IfZEj.txt.params
chr,lengthVar,countVar,propVar,roh_count_ind,proportionInROH,lengthMedian,gapMedian,gapVar,TajimaD,Fis,selfRate,Se_bcfvcf_20231002191703IfZEj.txt.params
chr1,3.57555614193417e-07,6.19581415241826e-13,0.000525665139823415,7.96923154862049e-06,0.12655456178904,0.000349578782966581,0.0011631207067177,3.29728596793637e-05,-0.553860626666667,0.0014208,0.0439210584211302,Se_bcfvcf_20231002191703IfZEj.txt.params
chr2,1.41163291199183e-07,9.85595901193149e-13,0.00067852724263658,9.05718376245608e-06,0.130947924646221,0.000247024878685329,0.000545237012155319,1.74756123198709e-05,-0.42445313901,0.0014208,0.0485078064619436,Se_bcfvcf_20231002191703IfZEj.txt.params
chr3,3.52389206354018e-07,9.73043395938337e-13,0.000687064129606649,8.31558249337777e-06,0.133412467946978,0.000345176368162794,0.000908976488792089,3.04386503821889e-05,-0.581626483556338,0.0014208,0.0445323917544636,Se_bcfvcf_20231002191703IfZEj.txt.params
chr4,1.90619938410038e-07,2.51049977427846e-12,0.00276185840757712,9.52432989195151e-06,0.159746956369582,0.000213993432098227,0.000434689697788526,1.0400135023079e-05,-0.527303900389972,0.0014208,0.0570113421914528,Se_bcfvcf_20231002191703IfZEj.txt.params
chr5,2.59448170003702e-07,7.38286589049417e-13,0.000522007121142042,7.73804998450427e-06,0.109391728699577,0.000353219675044242,0.0013024336775701,3.68725581448065e-05,-0.501635784071146,0.0014208,0.0410103917544635,Se_bcfvcf_20231002191703IfZEj.txt.params
chr6,2.22810275354662e-07,3.08181484830323e-12,0.00404645113597332,9.7551576593821e-06,0.147248823362152,0.000294774712390991,0.000510090238440456,2.36986327374026e-05,-0.434907894423792,0.0014208,0.0510272316342562,Se_bcfvcf_20231002191703IfZEj.txt.params
chr7,1.11228559787452e-07,1.17510197189679e-12,0.00115838786588944,1.05636107043272e-05,0.146436367679568,0.00017797206567979,0.000296948310558421,1.12479581606388e-05,-0.506082449693593,0.0014208,0.0505983421914528,Se_bcfvcf_20231002191703IfZEj.txt.params
chr8,9.21889994889896e-08,1.34181791909095e-12,0.00089067599953051,7.92440466558649e-06,0.117854615222604,0.000202389619336414,0.000522080068851832,1.78225820750724e-05,-0.670106834158879,0.0014208,0.0509637498810453,Se_bcfvcf_20231002191703IfZEj.txt.params
chr,lengthVar,countVar,propVar,roh_count_ind,proportionInROH,lengthMedian,gapMedian,gapVar,TajimaD,Fis,selfRate,St_bcfvcf_20231002191703IfZEj.txt.params
chr1,6.99254765944042e-07,1.03511079624995e-11,0.0187092824042477,9.11601888069886e-06,0.199469737510126,0.000395769878050126,0.000797090761700241,3.06254623647752e-05,-0.0384934932213741,-0.0377078666666667,0.102540085564969,St_bcfvcf_20231002191703IfZEj.txt.params
chr2,2.42780446567148e-07,1.01227451617263e-11,0.0113413976911526,1.06873849361424e-05,0.197747028122852,0.000279173583024862,0.00041573977502625,1.39810612271915e-05,0.143471248507463,-0.0377078666666667,0.0952270276582537,St_bcfvcf_20231002191703IfZEj.txt.params
chr3,7.4373580964815e-07,7.75137423020801e-13,0.00245608588593651,8.07073612619833e-06,0.155220655298527,0.00037025679563715,0.000911704765961646,3.0352475410344e-05,-0.0297770949275362,-0.0377078666666667,0.0521494727235291,St_bcfvcf_20231002191703IfZEj.txt.params
chr4,2.91654327072105e-07,1.41969866200421e-11,0.0237436720314223,1.24331235547922e-05,0.288668521088708,0.000264533195176728,0.000209279569898461,7.89153088299525e-06,-0.106814111008902,-0.0377078666666667,0.141704218497228,St_bcfvcf_20231002191703IfZEj.txt.params
chr5,4.6701587177802e-07,2.87079519081562e-12,0.00282963157538146,9.30544325616617e-06,0.171909405168101,0.000403684663038192,0.000713240846375379,3.20682084258908e-05,0.0127207956854839,-0.0377078666666667,0.0680629320069168,St_bcfvcf_20231002191703IfZEj.txt.params
chr6,4.19732812613792e-07,2.3102714449564e-11,0.0338457411109747,1.26701948217059e-05,0.266205107348976,0.000348266648616383,0.000354196885667126,1.85265989476038e-05,0.185313425403226,-0.0377078666666667,0.186507338581575,St_bcfvcf_20231002191703IfZEj.txt.params
chr7,1.7778064169571e-07,1.18679392672847e-11,0.0179254213908977,1.23266423171288e-05,0.227736035681427,0.000214332058097943,0.000245899644773222,9.40380898904147e-06,-0.0290368490746269,-0.0377078666666667,0.114839391619801,St_bcfvcf_20231002191703IfZEj.txt.params
chr8,2.50129050809962e-07,1.57149436470622e-11,0.0236759414309281,1.08346774426661e-05,0.241514990768694,0.000244843643475845,0.000275328604991292,1.22498416524512e-05,-0.0228055810723192,-0.0377078666666667,0.143029461520688,St_bcfvcf_20231002191703IfZEj.txt.params
chr,lengthVar,countVar,propVar,roh_count_ind,proportionInROH,lengthMedian,gapMedian,gapVar,TajimaD,Fis,selfRate,TV_bcfvcf_20231002191703IfZEj.txt.params
chr1,1.53065484526957e-06,4.07796240725954e-14,0.000233901310176077,1.71936662453458e-05,0.679471295133615,0.000919482024565454,0.000223470028472285,1.75400665108063e-06,0.424975685714286,-0.56355,0.265219730973439,TV_bcfvcf_20231002191703IfZEj.txt.params
chr2,4.12517123328008e-07,4.0846620601659e-13,0.000887118606170293,2.1288742977302e-05,0.58230170509679,0.000496105269071119,0.000194671998363211,7.30982224401872e-07,0.317944444444444,-0.56355,0.195308540515109,TV_bcfvcf_20231002191703IfZEj.txt.params
chr3,1.17839497971974e-06,2.76632491363094e-13,0.00063820554524377,1.89810408790514e-05,0.695197171736232,0.000874840153363363,0.000235963104357358,7.61184711036402e-07,0.166531383673469,-0.56355,0.233014005172106,TV_bcfvcf_20231002191703IfZEj.txt.params
chr4,3.14100946422545e-07,9.89530960794934e-17,0.000679514470418367,1.85869429820525e-05,0.587927282884852,0.000457085515665895,0.000159197270240191,9.63549161365653e-07,0.239199166666667,-0.56355,0.232431135104614,TV_bcfvcf_20231002191703IfZEj.txt.params
chr5,1.04900995446814e-06,4.97184425395504e-15,0.00037817143172672,2.07923778295684e-05,0.679278198669862,0.000817289643199496,0.00020413299089033,7.7776219035525e-07,0.156160783333333,-0.56355,0.260691530144398,TV_bcfvcf_20231002191703IfZEj.txt.params
chr6,8.55505614406475e-07,1.39657336973043e-12,0.000641914088900561,2.22415943317189e-05,0.627626333844242,0.000586404602103557,0.000202137221492257,7.57362663521519e-07,0.203282333333333,-0.56355,0.226750540515109,TV_bcfvcf_20231002191703IfZEj.txt.params
chr7,2.60879246683586e-07,1.6969653993818e-13,0.000697394112891742,2.01325171635771e-05,0.568178352688445,0.000423037811759808,0.000155406566102235,1.04469230581179e-06,-0.166599181818182,-0.56355,0.198109896930589,TV_bcfvcf_20231002191703IfZEj.txt.params
chr8,5.04109756019617e-07,2.13328397377976e-13,0.000685293645922085,1.85274211769247e-05,0.670357784626849,0.000498081696644349,0.00014542611911338,6.58677568146317e-07,0.398985340425532,-0.56355,0.235264034432384,TV_bcfvcf_20231002191703IfZEj.txt.params
chr,lengthVar,countVar,propVar,roh_count_ind,proportionInROH,lengthMedian,gapMedian,gapVar,TajimaD,Fis,selfRate,VI_bcfvcf_20231002191703IfZEj.txt.params
chr1,2.66172347336664e-07,3.17584455372513e-12,0.000545074431616191,2.07660899532403e-05,0.295403122328071,0.000340394391882963,0.000478160258137236,3.66742154071981e-06,-0.162091502310469,-0.12482,0.06313029658974,VI_bcfvcf_20231002191703IfZEj.txt.params
chr2,2.00302542658598e-07,2.25930198414157e-12,0.00223906624498305,1.7235686029523e-05,0.284606301058608,0.000275626571980774,0.000331589131386628,3.66512446266473e-06,0.00693283212014134,-0.12482,0.0761872426079923,VI_bcfvcf_20231002191703IfZEj.txt.params
chr3,2.82366028602438e-07,6.02012796332201e-12,0.000437129882887088,2.10409979676045e-05,0.309102283297978,0.000347082875100556,0.000440090829935012,3.01041879341503e-06,-0.204926153383803,-0.12482,0.0624253773377811,VI_bcfvcf_20231002191703IfZEj.txt.params
chr4,1.25778398234414e-07,9.45209590490498e-12,0.00171670199833501,2.15015528030384e-05,0.331631182728103,0.000205918208245464,0.000189230738264015,1.61647756306171e-06,-0.176341033873926,-0.12482,0.088156475141851,VI_bcfvcf_20231002191703IfZEj.txt.params
chr5,2.36229901166008e-07,3.59607612143656e-12,0.000630780721032985,1.9754858953579e-05,0.272717259175459,0.000348321188081142,0.000489672491742966,4.35225478748703e-06,-0.000401387401574804,-0.12482,0.0736342545578789,VI_bcfvcf_20231002191703IfZEj.txt.params
chr6,1.76912156887653e-07,5.21304539143774e-12,0.00049654161329693,1.51040819443103e-05,0.222712693434765,0.000318645414054842,0.000543784767137861,7.63532647458911e-06,-0.0854254029007634,-0.12482,0.0607329605557979,VI_bcfvcf_20231002191703IfZEj.txt.params
chr7,8.5138953449446e-08,5.05330635514665e-12,0.000652814171100349,1.88471563931155e-05,0.255533529685679,0.000190490593050063,0.000204275038918454,2.85398107782926e-06,-0.172553594334278,-0.12482,0.0652584855007118,VI_bcfvcf_20231002191703IfZEj.txt.params
chr8,9.57968912375063e-08,5.92344887549489e-12,0.000675873143151821,2.17494299003105e-05,0.307814047776478,0.000198533813927346,0.000237373020495775,1.52757926006861e-06,-0.285556116520681,-0.12482,0.0732020829849884,VI_bcfvcf_20231002191703IfZEj.txt.params
